(458.3333333333333, True, 37, (1, 2, 2, 2, 1, 2, 2, 3, 2, 2, 2, 1, 1, 1, 1, 2, 1, 1, 2, 1, 2, 1, 1, 1))
(1.0, False, 54, (1, 1, 1, 1, 1, 1, 1, 2, 2, 1, 1, 2, 1, 1, 2, 2, 2, 2, 2, 2))
(1.0, False, 63, (1, 1, 1, 1, 2, 1, 1, 1, 1, 2, 2, 1, 1, 2, 1, 2, 2, 2, 2, 2))
(0.9090909090909091, False, 53, (1, 2, 2, 2, 1, 1, 1, 1, 1, 0, 1, 1, 2, 1, 1, 2, 1, 2, 2, 2, 2, 2))
(1.0, False, 51, (1, 1, 1, 1, 1, 1, 2, 2, 1, 1, 1, 1, 2, 1, 2, 2, 2, 2, 2, 2))
(0.8571428571428571, False, 50, (2, 1, 2, 1, 2, 1, 1, 1, 1, 0, 1, 1, 1, 1, 2, 2, 1, 2, 2, 2))
(1.0, False, 50, (1, 1, 1, 2, 1, 1, 1, 2, 1, 1, 2, 1, 1, 1, 2, 2, 2, 2, 2, 2))
(1.0, False, 49, (1, 1, 1, 1, 2, 2, 1, 1, 1, 1, 2, 1, 1, 1, 2, 2, 2, 2, 2, 2))
(1.0, False, 59, (1, 1, 1, 1, 2, 2, 1, 1, 1, 1, 1, 1, 2, 2, 1, 2, 2, 2, 2, 2))
(1.0, False, 61, (1, 1, 1, 1, 1, 1, 2, 2, 1, 1, 1, 1, 2, 1, 2, 2, 2, 2, 2, 2))
(1.0, False, 43, (1, 1, 1, 1, 2, 1, 2, 1, 1, 1, 1, 1, 2, 1, 2, 2, 2, 2, 2, 2))
(1.0, False, 63, (1, 1, 1, 2, 1, 1, 1, 1, 1, 1, 1, 2, 2, 1, 2, 2, 2, 2, 2, 2))
(1.0, False, 59, (1, 1, 1, 1, 1, 2, 1, 1, 1, 1, 1, 2, 2, 2, 1, 2, 2, 2, 2, 2))
(1.0, False, 61, (1, 1, 1, 1, 1, 2, 1, 1, 2, 1, 2, 1, 1, 1, 2, 2, 2, 2, 2, 2))
(1.0, False, 56, (1, 1, 1, 1, 1, 1, 2, 1, 1, 2, 1, 1, 2, 1, 2, 2, 2, 2, 2, 2))
(0.9090909090909091, False, 55, (1, 2, 2, 1, 2, 1, 1, 1, 1, 0, 1, 1, 1, 1, 2, 1, 2, 2, 2, 2, 2, 2))
(1.0, False, 57, (1, 1, 1, 1, 2, 1, 2, 1, 1, 1, 2, 1, 2, 1, 1, 2, 2, 2, 2, 2))
(0.9090909090909091, False, 47, (2, 1, 2, 2, 1, 1, 1, 1, 1, 0, 1, 1, 1, 1, 2, 2, 1, 2, 2, 2, 2, 2))
(1.0, False, 54, (1, 1, 1, 1, 1, 1, 1, 1, 1, 1, 2, 2, 2, 1, 2, 2, 2, 2, 2, 2))
(1.0, False, 59, (1, 1, 1, 1, 2, 2, 1, 1, 1, 1, 2, 2, 1, 1, 1, 2, 2, 2, 2, 2))
(1.0, False, 57, (1, 1, 1, 1, 2, 1, 1, 2, 1, 1, 2, 1, 1, 1, 2, 2, 2, 2, 2, 2))
(0.8823529411764706, False, 67, (2, 1, 2, 1, 2, 2, 2, 2, 3, 2, 2, 1, 1, 2, 1, 2, 2))
(0.9090909090909091, False, 57, (1, 2, 2, 1, 2, 1, 1, 0, 1, 1, 1, 1, 1, 1, 2, 1, 2, 2, 2, 2, 2, 2))
(1.0, False, 53, (1, 1, 1, 1, 2, 1, 2, 1, 1, 1, 2, 1, 2, 1, 1, 2, 2, 2, 2, 2))
(1.0, False, 58, (1, 1, 1, 1, 1, 1, 1, 1, 2, 1, 2, 1, 2, 2, 1, 2, 2, 2, 2, 2))
(1.0, False, 66, (1, 1, 1, 1, 2, 2, 1, 1, 1, 1, 1, 2, 1, 1, 2, 2, 2, 2, 2, 2))
(458.3333333333333, True, 44, (1, 2, 2, 2, 3, 2, 2, 1, 2, 2, 2, 1, 1, 1, 2, 1, 1, 1, 2, 2, 1, 1, 1, 1))
(1.0, False, 55, (1, 1, 1, 1, 1, 1, 1, 1, 2, 1, 2, 2, 1, 2, 1, 2, 2, 2, 2, 2))
(1.0, False, 69, (1, 1, 1, 1, 1, 1, 1, 1, 2, 2, 2, 1, 1, 1, 2, 2, 2, 2, 2, 2))
(1.0, False, 53, (1, 1, 1, 2, 1, 1, 1, 1, 2, 1, 2, 1, 1, 2, 1, 2, 2, 2, 2, 2))
total:  2
