(458.3333333333333, True, 76, (2, 1, 2, 2, 3, 2, 2, 2, 2, 1, 2, 1, 1, 2, 1, 1, 1, 1, 2, 2, 1, 1, 1, 1))
(458.3333333333333, True, 63, (2, 1, 2, 1, 2, 2, 2, 2, 3, 2, 2, 1, 1, 1, 1, 1, 2, 1, 2, 1, 2, 1, 1, 1))
(458.3333333333333, True, 86, (2, 1, 2, 2, 1, 2, 2, 3, 2, 2, 2, 1, 1, 1, 1, 2, 1, 1, 2, 2, 1, 1, 1, 1))
(1.0, False, 7, (1, 2, 2))
(458.3333333333333, True, 71, (1, 1, 1, 1, 2, 2, 1, 1, 1, 1, 2, 2, 2, 2, 2, 3, 2, 2, 2, 2, 1, 1, 1, 1))
(458.3333333333333, True, 56, (1, 2, 2, 1, 2, 2, 2, 3, 2, 2, 2, 1, 1, 1, 1, 1, 2, 1, 2, 1, 2, 1, 1, 1))
(1.0, False, 8, (2, 1))
(1.0, False, 7, (2,))
(458.3333333333333, True, 46, (2, 1, 2, 1, 2, 2, 2, 2, 3, 2, 2, 1, 1, 1, 1, 1, 1, 2, 2, 2, 1, 1, 1, 1))
(423.0769230769231, True, 136, (1, 1, 1, 2, 1, 2, 1, 1, 1, 1, 2, 2, 3, 2, 3, 2, 2, 2, 2, 1, 2, 1, 2, 1, 1, 1))
(458.3333333333333, True, 54, (1, 2, 2, 2, 3, 2, 2, 2, 2, 2, 1, 1, 1, 1, 1, 2, 1, 1, 2, 1, 2, 1, 1, 1))
(1.0, False, 7, (1, 1, 1, 2))
(458.3333333333333, True, 32, (2, 1, 2, 1, 2, 2, 2, 2, 3, 2, 2, 1, 1, 1, 1, 1, 1, 2, 2, 2, 1, 1, 1, 1))
(458.3333333333333, True, 68, (2, 1, 2, 1, 2, 2, 2, 3, 2, 2, 2, 1, 1, 1, 1, 1, 2, 1, 2, 1, 2, 1, 1, 1))
(458.3333333333333, True, 53, (2, 1, 2, 1, 2, 2, 2, 2, 3, 2, 2, 1, 1, 2, 1, 1, 1, 1, 2, 1, 2, 1, 1, 1))
(458.3333333333333, True, 68, (2, 1, 2, 2, 3, 2, 2, 2, 1, 2, 2, 1, 1, 1, 1, 1, 2, 1, 2, 1, 2, 1, 1, 1))
(392.85714285714283, True, 9, (1, 1, 1, 2, 1, 2, 1, 1, 1, 1, 1, 1, 2, 3, 3, 2, 2, 2, 2, 3, 2, 2, 2, 2, 1, 1, 1, 1))
(458.3333333333333, True, 68, (2, 1, 2, 2, 3, 2, 2, 2, 2, 1, 2, 1, 1, 1, 1, 1, 1, 2, 2, 1, 2, 1, 1, 1))
(1.0, False, 6, (1, 2))
(1.0, False, 7, (1, 2, 2, 2))
(458.3333333333333, True, 80, (1, 1, 1, 2, 1, 2, 1, 1, 1, 1, 2, 2, 2, 2, 2, 3, 2, 2, 2, 1, 2, 1, 1, 1))
(1.0, False, 6, (2,))
(1.0, False, 5, (2, 1, 2, 2))
(458.3333333333333, True, 91, (1, 2, 2, 2, 3, 2, 2, 1, 2, 2, 2, 1, 1, 1, 1, 1, 2, 1, 2, 1, 2, 1, 1, 1))
(458.3333333333333, True, 40, (2, 1, 2, 2, 1, 2, 2, 2, 3, 2, 2, 1, 1, 1, 1, 1, 2, 1, 2, 2, 1, 1, 1, 1))
(458.3333333333333, True, 81, (2, 1, 2, 1, 2, 2, 2, 2, 3, 2, 2, 1, 1, 1, 2, 1, 1, 1, 2, 1, 2, 1, 1, 1))
(458.3333333333333, True, 19, (2, 1, 2, 2, 3, 2, 2, 1, 2, 2, 2, 1, 1, 1, 1, 2, 1, 1, 2, 2, 1, 1, 1, 1))
(458.3333333333333, True, 79, (2, 1, 2, 1, 2, 2, 2, 3, 2, 2, 2, 1, 1, 2, 1, 1, 1, 1, 2, 2, 1, 1, 1, 1))
(458.3333333333333, True, 49, (2, 1, 2, 1, 2, 2, 2, 2, 3, 2, 2, 1, 1, 1, 1, 2, 1, 1, 2, 2, 1, 1, 1, 1))
(1.0, False, 7, (2, 1))
total:  21
