1 3 1 3 1 1 1 3 1 2 3 3 3 1 1 2 1 3 3 2 3 0 2 1 2 0 3 1 0 1 0 2 1 1 2 1 0 0 2 1 2 1 1 2 2 1 0 2 2 3 2 2 1 1 1 3 3 2 1 1 2 2
Solution not feasible. Fitness: -226.000
1 2 1 1 1 1 0 1 1 1 2 1 1 2 3 2 1 0 3 2 3 2 1 2 1 3 3 1 1 3 2 2 1 1 2 2 0 2 2 3 2 1
Solution not feasible. Fitness: -146.000
1 3 2 1 3 0 1 2 1 1 2 0 2 1 1 0 0 3 1 2 1 2 0 0 1 2 0 1 3 1 1 2 2 1 2 3 2 2 2 3 1 1 2 2 1 0 0 0 2 2 3 1 0 3 2 3 1 2 1 0 3 2 2 1 0 2 0 2 3 0 1 2 2 3 1 3 1 3 2 1
Solution not feasible. Fitness: -298.000
1 3 1 2 1 0 2 0 1 1 2 0 1 3 1 3 2 0 1 3 1 2 0 1 2 0 2 3 2 2 2 0 2 3 1 1 0 1 1 0 3 0 0 2 1 0 3 3 2 0 2 3 1 3 3 3 2 1 2 3 2 3 1 2 1 3 3 3 1 2 2 1 0 2 1 1 2 1 2 2 1 1 0 1 1 3 1 2 1 2
Solution not feasible. Fitness: -338.000
2 0 1 3 2 1 0 1 3 3 2 2 1 2 1 2 0 3 1 1 0 0 1 1 0 2 2 2 1 2 2 3 1 1 2 1 1 2 3 1 2 2 1 2 3 2 1 1
Solution not feasible. Fitness: -170.000
2 1 3 0 1 3 1 2 1 2 3 2 0 3 2 2 1 1 0 0 2 2 1 1 2 1 2 3 1 2 1 3 1 2 3 2 1 2 1 2 3 0 1 1 1 1 1 3 1 3 3 2 1 1
Solution not feasible. Fitness: -194.000
1 1 1 1 1 2 2 2 3 1 3 1 2 1 3 2 0 1 1 2 3 2 2 2 1 1 0 1 0 2 2 1 2 2 2 1
Solution not feasible. Fitness: -122.000
2 2 1 0 2 3 2 0 1 0 3 1 3 2 1 0 0 3 1 1 3 2 2 0 1 0 2 3 2 1 2 3 3 1 1 3 3 2 1 2 2 1 2 3 1 2 2 1 0 3 1 2 3 2 0 3 1 2 2 3 0 2 1 1 3 3 1 1 1 0 1 1 2 3 0 2 1 0 2 3 3 0 2 0 2 0 0 2 2 1 1 1 1 0 0 2 0 1 2 1 2 1
Solution not feasible. Fitness: -386.000
1 3 1 2 0 2 1 3 2 0 3 2 2 0 1 0 0 1 1 3 3 1 2 2 2 1 1 2 0 2 1 0 3 1 2 2 1 2 1 1 1 2 2 2 2 1 1 3 0 2 3 1 2 1
Solution not feasible. Fitness: -194.000
1 3 2 2 0 2 0 2 2 0 0 1 0 3 1 2 3 0 1 3 2 2 1 1 3 2 2 3 1 1 1 1 3 1 2 2 1 1 1 2 0 2 3 2 2 1 1 1 1 2 0 0 1 2 0 2 0 0 2 2 3 3 2 2 1 1
Solution not feasible. Fitness: -242.000
2 2 2 0 1 2 3 2 1 3 1 0 1 1 0 2 2 3 1 1 0 2 2 3 3 1 3 0 2 3 1 1 1 1 0 2 2 0 1 3 1 1 3 2 3 0 3 2 0 3 1 1 3 2 0 0 0 2 1 0 2 2 3 1 1 1 0 2 3 1 0 2 2 1 2 3 1 2 2 2 1 1 2 3 1 0 2 0 1 3 2 1
Solution not feasible. Fitness: -346.000
1 1 2 1 0 1 1 1 2 2 0 1 1 2 2 3 3 0 2 0 0 2 1 3 1 1 1 2 2 3 2 1 2 1 0 2 1 0 2 2 0 2 0 3 0 1 0 2 0 2 0 2 0 2 2 2 3 3 1 1 0 0 2 2 2 3 1 2 2 3 2 1
Solution not feasible. Fitness: -266.000
1 2 2 0 3 1 1 1 3 2 1 2 2 2 2 2 1 1 3 0 1 1 1 1 1 2 0 0 1 2 2 2 2 2 3 1 1 2
Solution not feasible. Fitness: -130.000
2 2 2 2 0 1 0 3 1 3 2 2 2 2 0 2 1 1 3 1 1 0 0 1 0 2 0 0 3 2 1 1 1 2 2 1 2 1 2 2 2 2 0 2 0 0 0 2 2 3 2 1 0 2 3 2 0 3 3 1 0 2 2 1 3 0 3 1 1 1 2 3 1 1 3 1 3 1 1 1
Solution not feasible. Fitness: -298.000
1 3 2 0 1 1 1 1 1 1 1 1 2 2 1 2 0 1 1 3 2 2 1 0 3 2 3 1 2 1 3 2 1 0 2 3 2 2 3 1 1 2 2 2
Solution not feasible. Fitness: -154.000
2 0 2 2 2 2 1 0 3 1 1 1 2 2 1 0 2 1 3 0 0 2 3 1 1 1 1 2 1 3 2 3 2 1 1 2 1 2 1 1 2 2
Solution not feasible. Fitness: -146.000
2 2 0 2 0 2 1 1 0 2 3 3 0 2 2 0 1 2 3 1 2 0 0 3 2 1 3 2 0 2 2 2 2 1 1 1 2 1 0 1 0 2 2 1 0 0 2 0 2 2 1 1 0 3 1 0 1 2 2 2 2 0 2 2 1 0 1 2
Solution not feasible. Fitness: -250.000
1 1 1 2 2 0 0 1 2 1 2 2 1 2 2 1 1 0 2 2 3 1 3 2 2 1 3 1 3 0 1 1 3 2 2 1 3 2 2 3 1 1 1 3 1 1
Solution not feasible. Fitness: -162.000
2 2 2 1 3 1 1 3 2 2 0 2 1 2 3 0 1 1 1 2 2 0 2 3 2 1 2 0 0 0 1 2 3 1 2 0 2 2 1 1 0 2 0 0 0 2 3 0 1 2 1 2 2 2 0 1 2 2 3 3 1 0 1 2 1 1
Solution not feasible. Fitness: -242.000
2 2 2 2 2 0 1 2 1 0 2 1 0 1 1 2 0 1 2 3 2 3 2 3 2 3 2 1 2 3 3 3 1 0 2 3 1 0 1 1 1 2 2 1 1 1 1 3 1 1 0 2 3 1 1 1
Solution not feasible. Fitness: -202.000
2 2 2 0 0 1 0 3 2 2 1 2 1 0 0 3 0 3 2 1 3 1 1 3 1 1 0 2 1 3 2 2 0 3 3 2 0 1 0 0 1 2 3 2 2 2 2 2 0 0 0 1 2 2 2 1 2 2 1 2 1 1 1 3 3 0 2 1 0 1 1 0 0 2 2 2 2 1 1 0 2 2
Solution not feasible. Fitness: -306.000
2 1 3 0 1 2 1 2 2 2 3 0 0 3 0 2 1 2 1 1 3 1 2 1 2 0 0 1 2 2 0 2 1 1 0 3 3 1 2 1 3 2 2 1 3 0 0 1 0 1 1 0 2 2 2 1 1 2 3 0 1 2 2 3 0 0 2 0 0 1 2 2 3 0 1 3 1 0 2 3 1 2 2 2 2 3 1 2
Solution not feasible. Fitness: -330.000
2 1 1 1 3 3 0 2 2 3 1 3 0 2 0 1 1 2 3 3 2 1 2 1 2 2 1 0 3 3 3 0 2 2 1 2 1 1 2 2 1 0 2 2 1 1 0 2 1 3 2 0 1 2 1 1 3 0 0 1 1 2 3 2 1 0 1 0 2 2
Solution not feasible. Fitness: -258.000
1 3 1 2 2 2 2 2 0 1 2 1 0 0 3 1 3 1 2 3 0 0 3 0 2 3 1 3 2 2 2 1 0 1 1 1 1 1 1 3 2 1 3 2 1 2 2 3 1 3 2 1 1 3 1 2 0 1 1 3 1 2 2 0 2 3 0 2 1 1
Solution not feasible. Fitness: -258.000
1 2 3 1 1 0 2 1 1 0 3 1 2 1 1 2 0 1 1 2 3 1 3 2 1 0 2 1 3 2 1 0 1 0 2 1 0 2 2 3 3 3 2 2 2 2 2 2 1 3 2 1 3 1 1 1
Solution not feasible. Fitness: -202.000
1 2 2 2 2 2 3 0 1 0 1 2 0 2 2 2 1 3 1 1 2 2 0 2 0 1 2 2 0 2 3 1 0 2 0 2 2 1 1 2 0 2 1 1 1 1
Solution not feasible. Fitness: -162.000
1 3 1 1 3 1 1 1 2 1 2 1 0 2 3 3 3 2 0 1 3 2 2 1 1 3 0 3 2 2 0 2 2 2 1 0 2 2 3 2 2 3 2 0 1 2 1 0 2 1 3 1 3 0 0 1 2 1 1 2 0 1 2 1 3 1 0 1 2 3 1 1
Solution not feasible. Fitness: -266.000
1 2 1 2 3 3 0 1 0 2 3 0 1 1 1 3 1 1 2 2 3 1 0 1 3 0 1 3 1 2 1 2 2 2 3 2 3 0 2 3 1 0 1 1 2 2 0 2 1 2 2 1 1 1 2 2 0 1 0 0 2 2 2 2
Solution not feasible. Fitness: -234.000
1 1 2 1 3 1 2 3 1 3 3 1 2 3 1 2 2 2 1 0 2 3 1 2 1 0 1 1 2 1 0 1 1 1 2 1 2 2 0 2 0 0 0 3 2 3 1 2 2 2 3 1 2 1
Solution not feasible. Fitness: -194.000
2 1 0 3 1 2 3 2 1 1 1 3 2 3 3 2 2 1 0 2 1 3 2 1 1 2 3 3 1 1 3 3 3 2 2 0 0 1 1 1 1 2 1 0 3 0 1 0 1 2 1 2 2 1 2 1 1 3 2 1 2 1
Solution not feasible. Fitness: -226.000
2 0 2 2 0 0 2 2 0 2 0 2 2 0 0 1 3 1 0 1 2 1 2 0 2 1 3 2 0 1 1 2 1 2 0 2 2 0 2 1 1 2 2 1 2 2 2 2 1 1
Solution not feasible. Fitness: -178.000
1 2 0 2 3 2 2 0 1 0 3 1 1 3 0 1 2 2 3 2 2 1 2 0 3 3 2 2 0 2 0 2 1 2 2 3 1 0 0 0 1 1 1 1 2 0 0 0 0 2 0 2 2 1 1 1 1 1 3 2 3 2 1 1 0 2 1 2 2 2 2 2
Solution not feasible. Fitness: -266.000
1 1 3 1 3 3 2 0 2 0 1 2 3 2 0 0 2 2 1 0 3 2 1 1 1 0 1 2 3 2 3 0 1 2 1 2 2 2 3 3 1 2 1 1 2 1 1 3 3 1 2 2 3 3 2 3 0 2 3 3 0 1 2 1 0 2 1 0 1 1 0 1 1 0 2 3 1 2 0 1 1 2 0 2 1 2
Solution not feasible. Fitness: -322.000
1 1 2 2 1 3 1 2 0 2 2 0 1 0 3 2 2 3 2 2 1 1 1 3 1 2 3 0 0 0 3 2 1 1 1 1 1 1 0 2 2 1 1 3 2 3 2 2 3 1 0 0 2 3 3 0 3 1 1 1 1 2 2 3 2 3 3 2 1 0 2 0 2 0 2 0 1 2 3 0 2 1 0 1 1 2
Solution not feasible. Fitness: -322.000
1 1 2 1 2 2 2 1 2 0 1 3 2 0 1 1 1 0 2 3 1 3 1 1 3 3 2 1 2 0 1 0 0 2 1 3 2 3 1 2 2 1 1 2 2 2 2 0 3 1 2 3 1 1
Solution not feasible. Fitness: -194.000
1 1 3 1 1 2 1 0 1 3 1 1 3 2 2 2 0 2 3 3 1 1 3 2 1 1 0 1 2 2 0 1 2 1 3 0 1 2 3 3 1 1 1 2 1 2 3 2 0 1 2 0 3 2 2 1 2 2
Solution not feasible. Fitness: -210.000
2 2 1 1 3 3 0 0 2 2 1 0 1 2 2 2 3 3 2 1 3 0 1 0 0 2 1 2 2 1 1 1 3 3 2 2 3 3 1 0 0 3 0 2 1 1 2 1 1 0 1 2 0 1 3 3 2 1 2 0 2 1 0 2 2 3 2 1 1 2 1 2 1 3 1 1
Solution not feasible. Fitness: -282.000
1 2 3 1 1 1 0 2 2 0 0 1 2 1 1 1 3 2 2 3 3 1 0 1 0 2 2 1 1 1 1 1 2 0 2 2 0 2 3 0 2 1 2 0 2 2 2 3 1 2 2 2
Solution not feasible. Fitness: -186.000
2 1 3 1 1 3 0 1 3 2 2 2 2 0 3 2 1 2 1 1 0 1 2 1 1 3 3 0 1 3 0 2 0 2 2 0 3 2 1 1 1 2 0 1 0 2 0 0 1 1 1 3 3 2 2 1 0 2 1 2 2 2 2 2 2 1
Solution not feasible. Fitness: -242.000
2 2 0 2 2 1 1 1 2 1 0 3 2 1 3 2 3 0 0 1 2 2 1 1 3 1 1 2 2 2 1 0 2 0 1 2 0 2 0 2 3 1 3 0 2 2 1 2 1 2 1 1
Solution not feasible. Fitness: -186.000
2 2 2 1 1 0 1 1 0 2 1 2 2 0 2 3 1 0 2 0 1 0 2 2 0 0 1 2 2 1 2 0 0 1 1 1 3 1 0 2 2 3 0 3 3 0 0 2 0 3 1 0 1 3 3 2 1 2 0 0 2 3 1 0 2 0 3 2 0 1 1 1 3 3 3 1 1 1 1 3 2 1 2 2 2 0 2 0 2 3 1 2 2 2 2 0 3 2 1 2 0 0 2 2 3 2 3 2 3 1 0 2 1 1
Solution not feasible. Fitness: -434.000
2 2 0 0 2 0 2 2 0 2 1 1 3 0 3 2 0 1 2 1 3 3 0 0 2 1 2 2 1 0 3 3 0 1 2 0 3 0 2 2 1 3 0 1 2 2 2 2 1 1 2 1 1 1 3 2 1 0 2 0 0 2 3 1 3 0 1 1 1 1 2 3 2 1 3 0 1 0 2 1 1 3 2 1 3 1 2 2 0 2 2 0 3 1 2 2
Solution not feasible. Fitness: -362.000
1 3 2 2 0 2 2 1 2 1 3 0 1 1 2 1 0 1 1 2 2 0 3 1 2 1 2 1 2 2 0 1 0 1 1 2 3 2 0 2 3 2 2 2 1 1
Solution not feasible. Fitness: -162.000
1 3 2 2 2 0 0 2 2 1 3 0 1 1 2 2 2 0 0 0 1 0 2 1 3 0 3 2 3 0 0 1 1 1 1 1 1 2 2 1 0 2 2 1 2 2 1 1 2 2 2 2 2 2
Solution not feasible. Fitness: -194.000
2 1 2 1 2 1 1 1 3 2 3 1 2 1 3 0 0 1 1 0 2 2 1 3 1 2 2 2 2 0 1 2 3 3 0 1 1 1 1 2 1 3 0 2 3 2 1 1 3 3 2 1 3 1 1 0 2 3 2 3 1 1
Solution not feasible. Fitness: -226.000
2 2 0 2 1 0 2 1 2 2 0 1 0 1 2 2 1 1 3 3 2 2 0 1 0 2 0 3 3 2 2 2 0 1 3 0 2 3 3 1 0 2 1 2 2 2 1 1 0 0 1 1 1 2 2 1 2 0 2 1 2 1
Solution not feasible. Fitness: -226.000
2 0 2 2 0 2 2 1 1 3 1 2 3 0 3 0 1 2 1 0 0 2 0 1 1 2 2 0 1 2 1 0 1 2 0 1 2 1 3 2 1 1 3 2 1 3 1 1 0 2 3 2 3 2 2 3 1 1 2 3 2 3 2 1 1 1
Solution not feasible. Fitness: -242.000
2 0 2 1 0 1 2 3 3 1 2 3 1 3 0 1 3 1 3 2 0 2 2 2 1 3 2 2 2 2 1 1 0 2 0 3 2 0 2 1 1 2 0 1 1 0 3 3 2 0 1 0 3 2 1 1 2 3 1 2 2 1 2 0 2 0 0 1 0 2 2 2 1 1 3 1 1 0 3 2 1 1
Solution not feasible. Fitness: -306.000
2 1 1 2 3 1 0 1 3 0 1 1 2 3 1 1 0 1 2 2 2 1 0 1 3 2 3 2 1 1 3 2 1 3 0 1 1 1 0 2 2 3 3 1 3 1 0 0 1 1 3 3 2 2 2 0 2 0 3 2 2 0 2 2 2 2 2 1 3 0 2 1 1 0 2 1
Solution not feasible. Fitness: -282.000
1 2 2 0 2 1 2 0 1 0 2 2 3 1 1 0 3 2 2 2 2 1 1 0 1 1 1 2 2 1 1 0 2 0 2 1 2 0 2 3 2 1 0 0 2 2 2 2
Solution not feasible. Fitness: -170.000
1 1 2 3 3 0 1 1 3 2 2 3 1 2 3 2 0 0 1 1 1 1 1 1 0 2 1 2 1 3 3 0 2 3 2 1 2 3 2 0 2 0 1 1 2 0 2 2 2 3 2 2 1 0 1 1 0 1 2 3 0 3 0 0 3 2 2 1 1 2 2 3 1 0 2 2 1 0 2 1
Solution not feasible. Fitness: -298.000
1 2 0 1 1 3 2 1 3 3 1 0 2 0 3 2 2 2 3 2 2 0 1 0 1 1 3 1 3 1 2 2 1 0 3 0 3 2 1 2 2 1 2 1 2 1 0 2 1 1 1 2 1 0 2 1 3 3 0 1 1 0 2 2 0 2 2 2
Solution not feasible. Fitness: -250.000
1 2 3 1 1 2 2 1 1 1 2 3 1 3 1 2 2 2 1 1 2 0 1 2 2 1 1 1 2 2
Solution not feasible. Fitness: -98.000
1 1 2 3 0 3 1 1 1 3 3 1 1 3 1 2 1 2 0 2 3 0 1 1 1 1 1 0 1 2 2 1 1 3 2 1 2 2 0 2 2 2 0 0 0 0 3 1 0 3 1 3 2 2 0 2 2 2 1 0 0 2 3 2 2 1 2 3 2 2 1 2
Solution not feasible. Fitness: -266.000
1 1 1 2 1 2 1 3 2 2 2 2 3 3 3 2 3 1 1 1 0 3 2 0 3 1 3 1 1 0 0 0 0 2 3 0 1 2 1 1 2 1 0 0 2 1 1 2 2 0 1 3 2 2 1 1 2 2 1 2 3 1 2 2
Solution not feasible. Fitness: -234.000
2 0 1 1 2 1 0 3 2 1 1 2 2 3 3 3 0 1 1 2 3 3 3 2 2 0 2 1 0 1 2 1 1 1 2 1 2 2 2 0 2 0 0 1 1 1 0 1 1 0 3 3 1 2 0 3 3 3 2 0 3 1 1 3 2 1 2 2 2 1 1 3 2 1 3 0 2 2 1 1
Solution not feasible. Fitness: -298.000
1 2 1 1 0 1 3 2 2 2 0 2 2 3 1 1 2 0 0 2 2 2 3 0 2 1 2 1 3 1 1 2 3 0 1 3 1 0 2 1 1 3 2 1 1 2 0 2 3 0 2 2 0 1 2 3 1 2 0 0 2 2 0 2 3 1 1 1
Solution not feasible. Fitness: -250.000
2 2 2 2 1 2 1 1 1 0 3 1 1 3 3 0 1 3 2 1 3 1 1 2 2 0 0 2 2 2 2 1 1 0 1 1 2 2 0 2 1 1 2 0 2 2
Solution not feasible. Fitness: -162.000
1 2 1 2 1 0 0 1 2 1 0 2 2 1 1 3 3 1 0 3 3 2 2 1 1 1 2 1 1 2 2 3 1 0 1 2 2 1 3 1 3 2 3 2 2 3 2 1 1 1
Solution not feasible. Fitness: -178.000
2 2 1 3 2 2 0 0 1 1 2 1 2 2 0 1 2 0 1 0 3 0 2 2 3 1 2 3 1 2 3 2 2 1 1 3 2 1 1 0 3 2 0 2 3 1 1 1 2 2 1 1 0 1 0 1 3 3 0 2 2 0 2 0 2 0 2 1 1 2
Solution not feasible. Fitness: -258.000
1 2 2 2 1 2 3 0 2 2 1 0 0 3 1 3 1 3 1 1 1 2 1 1 0 2 1 3 0 1 3 1 2 1 2 0 3 3 1 2 1 1 2 1 3 2 2 0 2 1 2 2 2 1
Solution not feasible. Fitness: -194.000
2 1 2 0 3 1 3 2 2 2 1 1 0 1 1 1 3 0 0 1 0 1 2 3 1 2 1 2 2 3 2 2 3 1 1 2 1 3 1 1 1 3 2 2 2 3 2 1 1 1
Solution not feasible. Fitness: -178.000
1 3 2 1 3 0 1 2 2 2 1 1 2 2 1 1 1 1 2 3 2 0 2 1 2 2 1 1 1 2 0 2 2 1
Solution not feasible. Fitness: -114.000
1 3 2 2 0 0 1 2 1 3 0 2 0 2 1 1 0 2 1 0 2 2 1 2 1 1 3 0 0 0 1 2 1 0 1 2 0 3 2 3 1 3 2 3 0 2 0 2 3 3 1 1 2 1 1 1 3 2 2 2 2 1 3 0 1 2 1 2 2 1 3 1 2 2
Solution not feasible. Fitness: -274.000
1 1 2 3 0 3 1 1 1 3 1 2 1 2 1 2 2 1 1 0 2 1 0 2 2 2 0 2 1 3 2 3 2 3 2 0 1 2 1 1 1 2 3 1 1 0 2 0 3 3 3 1 2 0 1 3 0 2 2 0 1 0 2 0 0 3 2 2 1 2 3 0 0 1 1 2 0 0 3 2 1 3 1 0 2 2 2 2
Solution not feasible. Fitness: -330.000
2 2 1 0 0 2 3 0 1 2 0 3 1 1 1 3 1 1 1 2 0 1 3 2 2 1 1 3 0 0 1 2 2 0 0 1 2 3 3 1 1 1 1 1 0 2 0 2 3 0 3 1 2 2 0 1 3 3 1 3 1 1 3 1 3 2 0 0 3 1 3 3 2 2 3 1 3 2 2 1 3 2 3 3 2 2 1 0 3 1 1 0 1 1 1 2 0 3 1 2 2 3 2 2 3 0 1 1 2 1 2 2
Solution not feasible. Fitness: -426.000
2 0 2 1 1 0 1 2 1 0 2 0 2 3 0 2 3 0 1 2 2 2 0 0 0 1 2 1 2 2 2 2 2 2 2 0 0 2 2 0 3 0 3 1 2 2 1 2 1 2 1 2 0 2 1 3 1 0 1 1 3 2 1 3 1 1
Solution not feasible. Fitness: -242.000
2 2 1 1 2 1 2 2 0 1 1 1 1 0 2 2 3 1 3 3 0 0 2 2 3 0 2 0 2 1 2 2 1 1 1 2 2 2 1 0 1 1 3 2 2 0 0 2 3 2 3 1 3 0 1 1 0 3 0 2 2 2 1 1
Solution not feasible. Fitness: -234.000
2 1 0 3 1 2 1 2 0 2 1 3 3 3 0 0 1 3 1 3 2 2 2 1 0 0 2 1 2 2 2 3 1 2 0 0 1 2 1 2 1 0 3 1 0 2 1 0 2 3 2 1 0 2 0 2 2 2 0 1 2 2 0 0 1 1 2 2 3 1 1 3 2 2 1 1
Solution not feasible. Fitness: -282.000
1 1 2 3 1 1 3 1 2 2 2 1 2 1 1 2 2 3 2 3 1 1 3 3 0 2 2 1 0 1 3 3 0 2 3 2 1 2 1 1 2 0 1 1 1 3 2 3 3 1 3 1 1 1 1 3 0 2 1 1
Solution not feasible. Fitness: -218.000
1 3 1 1 2 3 1 2 2 1 1 1 0 0 0 2 2 3 1 3 2 0 3 0 0 3 1 2 1 1 3 0 2 2 2 1 1 2 1 2 3 2 1 3 2 2 0 2 2 3 0 0 2 1 1 3 3 2 1 2 1 2 0 2 0 2 0 0 1 2 1 2 0 1 2 1
Solution not feasible. Fitness: -282.000
2 2 1 2 3 0 2 2 1 0 2 2 2 2 2 0 2 3 2 1 0 1 1 0 0 1 2 2 1 1 3 2 2 3 2 1 1 0 2 3 1 1 1 0 2 0 3 1 2 1 1 0 2 1
Solution not feasible. Fitness: -194.000
2 0 2 0 2 0 2 0 2 0 1 2 3 0 1 2 3 1 1 2 0 2 2 2 3 2 1 1 3 2 1 0 2 0 1 2 2 3 2 0 1 0 0 3 2 3 3 3 1 2 1 3 3 1 0 2 2 0 3 0 2 1 1 1 3 3 1 2 3 3 0 1 0 3 2 0 1 2 1 0 0 3 1 3 1 0 1 1 3 2 3 1 0 2 2 1 3 1 0 3 1 1 1 1 2 1 1 3 0 0 1 2 3 2 2 2 1 2 1 2 1 2
Solution not feasible. Fitness: -466.000
1 3 1 3 1 1 3 3 2 1 2 1 3 2 2 0 2 0 0 0 0 1 1 1 1 1 1 3 1 2 1 0 2 1 1 2 1 3 1 3 1 2 2 3 2 2 3 0 0 2 1 2 3 0 1 0 1 3 2 2 1 3 2 1 2 2 3 1 3 2 0 2 2 3 0 2 1 1
Solution not feasible. Fitness: -290.000
2 1 1 1 3 2 3 1 3 1 0 1 1 0 2 1 0 2 0 3 1 3 1 1 2 0 2 0 2 0 2 1 1 2 2 1 2 2 0 1 3 2 1 1 3 0 3 3 3 1 2 0 2 3 1 1 3 3 1 3 3 3 0 1 1 0 1 0 3 2 2 2 1 3 1 2 0 1 3 1 2 2 2 3 0 1 2 1 0 1 2 2 2 0 2 2
Solution not feasible. Fitness: -362.000
1 1 2 3 2 1 1 1 0 1 3 2 3 1 3 1 2 2 2 3 3 2 0 0 3 1 0 3 2 0 1 0 1 0 2 1 2 0 2 2 1 0 2 0 1 2 3 2 2 0 2 3 0 2 1 2 0 1 0 1 2 2 2 1 2 1 1 2 0 1 3 2 0 2 1 2
Solution not feasible. Fitness: -282.000
1 1 3 2 1 0 3 3 2 1 0 1 2 3 1 1 1 2 1 1 0 1 1 2 2 2 2 2 2 2 2 0 1 3 1 1 3 3 1 2 2 2 1 1
Solution not feasible. Fitness: -154.000
2 1 1 1 0 2 1 3 2 1 2 0 2 1 1 1 1 1 2 1 2 3 1 2 3 1 2 1 2 2 2 2
Solution not feasible. Fitness: -106.000
1 2 3 2 1 2 1 3 2 2 1 3 2 1 1 2 1 1 0 2 1 1 2 2 2 1 2 0 1 2 0 0 2 3 0 3 1 2 0 2 3 1 3 0 2 1 1 2 3 0 3 1 2 1 0 1 0 2 2 1
Solution not feasible. Fitness: -218.000
2 0 2 0 1 3 2 0 2 2 2 2 1 3 2 1 1 2 1 2 3 3 0 2 3 2 1 3 0 1 3 0 1 1 0 2 0 3 0 3 2 2 0 1 1 0 2 0 0 2 0 3 0 2 2 2 1 1 1 2 3 2 1 1 1 1 3 3 1 3 1 2 2 0 2 2 0 1 1 2 1 1 1 0 2 3 1 2
Solution not feasible. Fitness: -330.000
1 2 0 2 2 1 3 2 3 2 1 1 2 0 1 3 3 3 0 2 1 1 1 2 2 1 2 3 1 0 2 1 3 2 3 2 2 1 1 1 1 1 1 3 1 0 0 3 1 3 2 1 1 2 1 3 2 0 1 3 1 2
Solution not feasible. Fitness: -226.000
2 0 1 1 3 3 2 2 1 0 0 2 3 2 2 0 2 2 2 0 1 2 3 2 2 2 2 1 2 3 2 0 2 1 0 0 2 1 1 1 2 0 2 1 1 1 1 1 0 1 1 0 2 2
Solution not feasible. Fitness: -194.000
2 2 2 0 2 1 1 0 1 3 0 0 1 1 1 1 2 3 2 1 3 1 0 2 0 2 0 2 1 2 0 2 3 1 2 2 2 1 2 2 1 2 2 2 0 3 1 2 0 2 1 1
Solution not feasible. Fitness: -186.000
1 3 1 2 0 2 3 2 2 0 0 1 3 2 2 2 0 1 0 3 2 0 1 1 3 1 2 3 3 2 1 2 0 2 3 1 1 2 1 2 2 3 2 0 0 0 0 1 3 2 1 3 0 1 2 2 2 1 2 2 1 1 2 0 1 2 1 1 1 0 3 2 1 1
Solution not feasible. Fitness: -274.000
1 1 2 0 1 3 1 1 2 2 2 1 0 0 3 2 2 1 0 1 2 2 1 1 2 2 1 0 1 3 2 1 1 2 3 0 1 3 2 3 1 3 3 3 1 0 2 0 3 2 3 1 2 3 3 2 1 1 1 1 2 1 1 0 2 2
Solution not feasible. Fitness: -242.000
2 1 0 3 2 1 0 1 3 3 2 1 3 0 1 2 2 0 2 0 0 1 1 1 3 3 2 3 3 2 2 2 0 0 2 2 1 1 1 2 3 2 1 2 1 3 2 0 2 2 1 3 2 0 0 0 2 2 0 1 3 0 1 1 2 2 0 2 1 0 0 1 2 1 1 3 1 0 2 2 2 1 1 2
Solution not feasible. Fitness: -314.000
1 2 1 1 1 2 1 2 0 2 1 1 2 3 2 2 3 1 0 3 0 3 2 1 2 1 2 0 3 1 2 1 2 1 1 3 1 0 3 1 3 2 1 1 3 1 1 2 2 3 0 1 2 3 2 0 2 3 3 0 2 0 1 3 1 0 3 2 1 2 1 1
Solution not feasible. Fitness: -266.000
1 3 1 1 1 1 1 3 1 1 3 2 0 3 2 2 0 0 2 2 2 2 0 3 1 1 3 3 3 1 2 1 0 1 1 0 1 2 3 1 2 1 2 1 1 1 2 3 0 1 2 3 0 2 2 1 0 2 0 3 1 2 2 2 3 2 2 1
Solution not feasible. Fitness: -250.000
1 1 2 3 0 3 1 3 2 0 2 2 2 1 1 0 0 3 0 1 2 1 2 1 2 1 3 3 2 0 1 2 2 2 0 3 2 2 0 1 1 1 1 1 2 3 1 2 2 2 2 1 1 1
Solution not feasible. Fitness: -194.000
1 1 2 0 3 2 0 1 3 3 2 1 1 1 1 0 3 3 3 1 3 3 2 1 3 0 2 1 1 1 2 0 3 2 2 2 2 2 0 2 0 2 1 1 3 2 2 2 2 3 3 3 2 1 1 1 1 0 1 3 3 1 3 2 3 1 1 0 2 0 2 1 1 3 1 0 2 1 0 3 2 3 3 1 1 0 2 1 0 2 3 3 1 0 0 3 1 3 1 2 2 3 0 2 0 1 2 3 3 1 1 3 1 1 0 1 3 2 3 1 1 1 0 2 1 1
Solution not feasible. Fitness: -482.000
2 2 0 0 1 2 0 3 1 1 2 1 1 1 2 0 1 0 2 0 1 1 3 3 2 0 2 3 1 1 1 2 1 2 0 0 1 1 2 2 3 2 3 1 3 0 1 2 3 1 2 2 2 2 2 2 1 0 2 2
Solution not feasible. Fitness: -218.000
1 1 3 3 1 2 1 1 2 1 2 0 3 1 3 1 1 1 3 2 2 1 1 0 2 2 0 0 2 1 0 1 2 1 1 2 2 3 2 1 2 2 2 2
Solution not feasible. Fitness: -154.000
2 1 1 1 0 1 2 3 0 2 2 2 1 3 3 1 3 1 2 1 3 1 3 2 1 0 0 3 3 3 3 1 2 1 1 1 2 2 3 3 1 3 3 1 2 1 2 1 1 1 1 1 1 2 2 2 1 1
Solution not feasible. Fitness: -210.000
2 1 1 1 0 1 3 1 2 2 3 1 2 0 0 2 0 1 2 2 0 1 3 1 0 0 2 1 1 3 2 2 1 2 2 0 3 0 1 1 3 0 0 1 3 1 1 0 3 2 2 1 1 2 2 3 3 3 1 2 2 0 0 2 2 3 3 1 2 1 1 2 2 0 2 1 2 2
Solution not feasible. Fitness: -290.000
1 3 1 1 3 2 0 2 2 2 1 1 2 1 0 1 2 1 2 1 0 2 3 0 2 1 0 1 2 1 3 2 1 0 1 2 2 3 2 3 2 3 0 3 3 2 1 0 2 0 2 1 1 0 0 3 1 2 2 2 2 0 2 3 1 1 1 1
Solution not feasible. Fitness: -250.000
1 3 2 1 2 1 1 1 1 3 2 0 2 2 0 2 2 3 1 2 1 2 1 3 3 2 3 2 1 2 1 1 3 1 3 3 0 3 3 2 3 1 3 0 1 3 0 2 1 2 1 0 1 2 1 0 2 2 0 2 1 1 0 2 0 2 1 1 1 1
Solution not feasible. Fitness: -258.000
1 2 1 3 1 0 3 1 2 1 1 1 1 2 1 1 1 2 2 3 2 3 3 2 0 1 3 2 3 2 0 3 3 3 2 2 0 3 0 1 1 1 1 2 0 2 2 3 1 1 1 2 1 1 1 1 0 2 2 2
Solution not feasible. Fitness: -218.000
1 1 1 2 1 2 2 0 3 1 0 2 1 2 0 1 1 2 2 2 1 3 1 0 0 0 0 1 2 2 1 1 2 2 3 2 1 2 3 3 0 1 0 1 3 1 0 2 0 3 2 1 3 0 3 2 2 0 2 3 2 3 2 3 1 3 2 0 0 1 2 0 0 2 2 1 0 1 0 2 1 1 2 2 2 3 2 1
Solution not feasible. Fitness: -330.000
2 2 1 3 0 2 2 0 0 2 2 2 2 2 1 3 0 2 2 2 1 1 0 3 2 0 1 3 2 2 3 0 2 0 1 1 1 2 2 2 1 3 0 2 0 2 3 0 0 2 1 1 3 1 1 3 0 0 0 3 2 2 1 2 0 1 1 0 2 1 0 2 3 0 1 1 3 1 2 1 2 1 1 0 3 0 0 0 1 2 2 2 2 2
Solution not feasible. Fitness: -354.000
1 2 3 0 2 2 1 2 3 1 1 3 2 2 2 1 1 2 3 1 0 1 0 2 1 0 1 1 2 2 3 0 1 1 2 2 3 2 1 1 2 1 0 2 1 2
Solution not feasible. Fitness: -162.000
1 3 1 2 1 1 3 1 0 2 1 3 2 1 1 0 0 2 0 1 1 2 2 1 0 1 0 3 2 1 0 2 1 3 2 1 1 3 3 2 0 1 2 1 2 3 3 2 1 3 1 1 3 0 2 3 2 1 2 0 0 2 3 3 2 0 1 1 1 2 2 2 2 2
Solution not feasible. Fitness: -274.000
1 1 1 1 2 0 2 3 2 1 2 2 1 2 2 3 1 3 1 2 0 0 0 2 1 0 1 1 0 1 3 2 2 1 0 3 3 0 2 3 2 1 2 1 1 2 1 3 0 1 2 1 2 2 0 3 2 2 0 2 0 2 1 2
Solution not feasible. Fitness: -234.000
1 1 3 3 2 0 1 2 0 1 3 1 2 1 3 1 0 2 2 2 2 3 0 2 0 2 2 2 2 1 1 0 0 1 1 2 1 1 1 2 1 3 1 1 3 1 2 2 0 2 2 2
Solution not feasible. Fitness: -186.000
2 1 3 1 2 1 0 1 3 0 1 1 1 2 0 3 2 0 3 3 3 3 2 2 2 2 0 2 2 0 2 2 0 2 1 0 0 0 1 2 2 2 0 1 0 1 1 2 1 3 1 1 2 1 2 3 2 2 0 2 1 1 1 1 3 2 1 3 2 1
Solution not feasible. Fitness: -258.000
1 3 2 1 0 3 2 0 2 0 2 0 1 3 1 2 0 2 2 3 0 2 1 1 0 1 2 2 2 2 0 2 0 2 1 1 1 1 0 3 0 1 1 2 1 3 1 0 2 0 2 2 0 3 2 2 1 1 1 0 2 0 0 3 1 2 2 0 0 0 3 2 2 1 0 0 2 0 2 3 2 3 2 0 1 0 2 2 1 3 1 3 1 2 2 0 3 2 1 2 2 2
Solution not feasible. Fitness: -386.000
2 0 2 1 1 2 3 1 2 2 2 2 0 0 0 2 2 2 3 2 2 0 1 0 0 1 2 2 0 1 1 1 3 0 2 3 0 0 1 1 0 2 2 3 2 3 1 0 1 2 0 2 3 3 0 2 0 1 1 2 2 2 2 2 1 2 1 1 1 1
Solution not feasible. Fitness: -258.000
1 2 1 2 1 0 3 0 2 1 0 3 3 1 2 1 3 2 2 2 1 2 2 0 2 1 0 2 1 1 2 1 2 1 2 1 1 3 0 3 0 1 3 0 1 2 1 0 1 3 3 3 1 2 3 2 3 2 0 2 2 0 1 2 1 1 1 0 2 2
Solution not feasible. Fitness: -258.000
1 3 1 2 0 2 2 3 2 1 2 0 0 1 1 3 0 0 1 3 2 0 2 2 2 1 0 0 1 3 1 2 3 0 1 1 2 1 2 1 0 3 3 1 1 2 2 3 3 1 1 2 2 2 0 1 1 3 0 3 0 2 1 0 3 1 1 2 1 1 2 2 2 2 3 2 2 1
Solution not feasible. Fitness: -290.000
2 1 0 3 1 3 2 2 2 0 0 2 1 2 3 0 2 1 1 2 2 3 1 3 0 2 2 3 1 2 1 3 1 3 0 1 1 1 3 2 0 2 3 0 1 0 2 2 0 1 0 0 1 1 1 2 2 2 1 2 0 0 2 2 3 2 1 3 1 0 0 1 2 3 0 2 0 2 1 3 2 2 1 3 1 2 0 1 0 3 1 1 2 0 2 0 0 0 0 2 2 3 3 0 1 1 3 1 2 2 2 0 2 3 2 1
Solution not feasible. Fitness: -442.000
2 0 2 1 1 3 2 1 1 3 2 2 0 2 3 2 1 2 3 3 1 1 0 1 1 1 3 2 3 2 2 1 1 0 2 1 1 0 1 0 1 2 2 3 1 2 2 2 1 1
Solution not feasible. Fitness: -178.000
1 2 0 1 2 3 1 2 3 2 1 1 0 3 2 2 1 1 3 1 2 3 2 3 1 2 0 3 3 1 3 2 0 3 2 0 0 1 2 0 1 2 2 1 0 0 1 2 2 1 2 2 2 1 1 1 1 1 2 1
Solution not feasible. Fitness: -218.000
2 2 1 1 3 3 2 2 1 3 2 2 1 1 1 3 0 3 3 0 1 2 3 1 3 2 1 1 1 2 1 1 3 3 0 1 3 1 2 3 1 0 1 3 2 0 3 2 3 1 3 0 1 0 3 0 3 1 2 1 3 2 2 2 2 1 1 1 3 1 2 1 2 0 2 1 1 1 0 1 2 3 1 1
Solution not feasible. Fitness: -314.000
2 2 1 2 2 0 3 0 2 0 1 1 1 1 2 2 2 2 0 3 2 2 1 3 1 2 2 2 0 1 2 2 0 2 1 1 0 3 2 1 1 0 1 1 1 0 3 2 2 1
Solution not feasible. Fitness: -178.000
1 2 2 2 0 2 0 2 0 1 2 2 0 1 2 2 1 2 2 3 1 0 3 1 1 0 1 1 0 2 3 2 2 0 2 0 3 1 1 2 1 1 3 2 0 3 3 0 2 2 2 2 0 2 2 0 3 0 2 1 3 1 2 1 1 1 1 3 0 2 0 0 1 1 2 2
Solution not feasible. Fitness: -282.000
2 1 0 1 3 1 3 1 2 0 1 1 3 1 3 3 1 1 3 2 1 2 2 0 1 1 3 0 1 2 0 1 0 1 1 3 3 2 3 0 2 1 0 2 1 1 0 3 3 1 1 1 1 2 3 2 2 2 1 2 2 0 2 2 2 2 0 3 3 1 2 1 3 0 1 2 2 0 2 2
Solution not feasible. Fitness: -298.000
1 1 1 3 1 1 2 0 2 2 2 1 3 2 2 2 2 2 0 1 0 2 0 1 3 1 3 1 3 0 0 3 3 1 2 3 2 0 1 1 1 2 3 1 1 2 2 3 1 1 2 0 3 2 2 0 1 2 3 0 0 1 1 1 2 2 1 2
Solution not feasible. Fitness: -250.000
2 0 2 1 3 0 2 2 1 2 3 2 2 0 2 2 1 2 1 1 2 3 2 1 1 1 2 0 1 3 1 0 1 2 1 0 1 0 0 2 1 3 1 3 1 1 2 0 3 1 3 0 1 2 3 2 1 2 0 2 2 2
Solution not feasible. Fitness: -226.000
1 1 3 2 1 1 0 1 1 3 1 2 2 0 0 1 2 2 2 3 2 2 0 3 2 2 0 1 0 1 2 2 0 2 1 2 2 1 0 2 1 3 2 2 0 3 3 2 1 2 0 1 1 2 1 0 1 3 0 1 0 3 2 2 2 3 1 0 3 3 1 2 0 1 1 2
Solution not feasible. Fitness: -282.000
2 0 1 2 1 3 1 1 1 2 2 0 1 2 2 2 0 0 1 2 2 2 2 0 0 2 2 2 3 1 2 2 2 0 1 1 1 0 1 3 3 2 3 1 3 2 1 1 1 1
Solution not feasible. Fitness: -178.000
1 2 0 2 2 3 0 1 1 1 1 0 2 1 2 2 2 1 3 1 2 2 2 1 0 2 1 3 2 0 3 1 3 2 2 2 3 1 2 1 1 3 1 0 2 1 1 3 1 1
Solution not feasible. Fitness: -178.000
2 2 1 0 2 2 2 1 2 2 2 2 2 2 0 0 1 2 3 3 1 0 1 1 2 0 3 0 3 1 3 3 2 3 0 2 2 0 1 2 1 2 3 3 2 0 0 1 2 1 3 2 0 2 0 0 1 1 1 1 1 1 2 1 1 2 1 0 1 2
Solution not feasible. Fitness: -258.000
1 2 3 0 2 2 1 0 2 2 3 1 2 1 0 2 2 2 3 1 1 0 1 0 1 0 3 0 3 1 3 0 3 3 1 0 2 1 0 2 1 0 1 2 0 1 2 2 2 1 2 0 1 1 1 2 2 0 1 2 2 2 0 3 2 3 2 1 3 2 1 0 1 3 1 0 2 3 2 2 0 2 1 3 2 1
Solution not feasible. Fitness: -322.000
2 1 2 1 0 0 2 0 2 0 2 3 3 2 2 2 2 0 1 3 2 1 2 2 2 1 2 0 1 2 1 1 0 1 1 2 3 2 2 0 1 1 1 2 0 2 0 2 1 0 2 1
Solution not feasible. Fitness: -186.000
2 0 2 2 0 0 1 2 0 1 1 3 1 1 3 2 2 1 2 0 2 1 0 2 1 0 1 2 3 2 1 3 1 1 2 2 2 1 0 2 2 1 0 2 1 3 1 2 3 3 1 2 0 2 2 1
Solution not feasible. Fitness: -202.000
1 3 1 3 2 2 1 1 1 2 2 2 1 3 1 2 3 2 0 0 1 2 3 3 1 0 2 3 0 3 3 2 2 0 2 0 1 3 2 2 1 2 2 1 1 1 1 1 1 2 3 1 0 1 0 3 1 3 1 1 0 1 1 3 2 1 2 2
Solution not feasible. Fitness: -250.000
1 1 2 2 1 0 1 2 2 2 2 2 0 2 2 3 1 1 3 1 0 0 2 0 3 1 2 1 3 2 2 3 0 1 1 0 1 2 1 2 2 3 1 2 0 3 1 2 2 0 0 2 1 0 1 3 3 3 2 0 2 2 0 2 3 1 1 0 3 3 2 3 1 1 1 0 1 2 3 1 0 2 1 3 1 0 2 1
Solution not feasible. Fitness: -330.000
2 1 1 0 1 3 1 3 1 2 1 3 2 1 2 3 2 2 1 1 2 2 0 1 0 2 1 3 3 1 1 1 1 1 2 1 3 1 2 2 0 3 3 1 3 0 2 2 2 0 1 3 1 3 3 3 0 2 1 0 1 3 2 1 2 2 0 2 1 1
Solution not feasible. Fitness: -258.000
2 0 2 0 2 1 3 0 2 2 1 1 2 2 0 0 1 1 2 0 3 0 2 2 0 3 2 3 0 2 2 0 3 2 1 2 1 1 2 0 1 1 1 1 2 1 3 1 3 1 0 1 2 0 2 3 1 2 1 2 3 2 3 2 3 0 2 1 1 1 0 1 2 3 1 0 2 2
Solution not feasible. Fitness: -290.000
1 1 3 1 2 1 2 2 2 0 2 0 1 1 2 3 2 1 3 1 1 3 3 2 0 1 3 1 0 2 1 2 1 2 3 1 3 2 2 2 1 3 3 0 1 3 1 0 3 2 0 2 1 1 1 2 1 3 3 3 1 1 1 1 0 2 1 2
Solution not feasible. Fitness: -250.000
2 1 1 2 1 1 3 0 3 2 0 0 3 3 1 1 2 3 3 0 1 1 2 0 2 0 1 2 2 0 2 2 1 2 2 0 2 2 2 2 1 3 1 0 2 2 1 3 3 2 2 1 0 1 1 2 0 3 2 1 0 3 1 1 1 2 1 0 3 2 0 2 0 2 3 1 0 2 3 3 1 1 1 1
Solution not feasible. Fitness: -314.000
1 2 3 0 2 1 0 1 3 3 1 1 2 3 2 2 2 1 2 0 1 0 1 0 0 0 1 1 1 2 0 3 1 1 2 1 0 1 1 2 2 2 2 3 1 2 3 1 2 0 2 2 3 2 2 2 3 3 3 0 2 1 1 2 1 1
Solution not feasible. Fitness: -242.000
2 2 0 0 2 2 0 1 1 2 3 1 2 0 2 3 1 2 0 3 1 1 2 3 2 0 1 2 1 1 2 1 1 2 2 2 1 1 2 1 2 1
Solution not feasible. Fitness: -146.000
1 2 2 1 2 3 1 1 2 0 1 2 2 1 2 1 3 1 2 0 3 3 0 3 1 1 1 0 2 1 1 2 3 3 1 3 0 0 2 2 0 3 1 2 0 2 2 2 1 1 1 3 2 0 2 0 2 2 0 1 2 2 1 1
Solution not feasible. Fitness: -234.000
2 0 2 2 0 1 3 2 2 1 0 2 2 0 2 3 2 1 2 3 0 0 2 1 2 3 2 1 0 2 2 1 3 1 2 3 1 0 1 2 1 0 2 1 2 2 3 1 3 1 0 1 2 0 3 1 1 1 2 1 1 3 1 3 1 3 1 1
Solution not feasible. Fitness: -250.000
1 2 1 1 2 2 1 3 3 1 0 2 1 0 1 0 1 1 2 2 1 3 1 3 2 3 3 1 0 3 3 3 1 1 2 2 3 1 2 2 2 0 2 1 2 1 3 2 0 2 1 1 2 0 2 3 0 2 1 1 1 1
Solution not feasible. Fitness: -226.000
1 1 3 1 1 1 3 3 1 2 1 1 2 0 2 1 3 2 3 2 2 0 3 2 3 2 1 1 2 2 1 2 3 2 1 1 1 1 0 3 2 1 0 3 2 1 3 1 0 1 1 2 2 1
Solution not feasible. Fitness: -194.000
1 2 0 1 3 3 2 1 0 3 2 1 3 0 2 1 1 2 2 2 0 1 1 0 1 1 2 1 3 1 0 0 3 2 3 2 0 1 1 2 1 1 0 0 2 2 3 3 2 3 2 1 0 3 2 2 0 2 3 1 1 3 2 0 2 2 2 0 1 1 2 2 2 1 0 0 0 1 2 2 2 1
Solution not feasible. Fitness: -306.000
2 1 3 2 2 2 1 1 2 1 2 0 1 2 1 1 1 0 1 3 1 3 1 2 0 2 3 2 1 1 1 3 1 1 2 2 0 2 0 2 2 2
Solution not feasible. Fitness: -146.000
1 2 3 1 2 1 2 0 2 3 3 1 0 3 2 2 2 2 1 1 2 2 2 3 1 1 1 1 2 3 0 2 0 1 2 1 3 3 1 3 2 1 1 0 0 2 2 1 1 1 1 1
Solution not feasible. Fitness: -186.000
2 1 0 2 0 1 3 3 1 1 2 1 0 2 1 1 2 2 2 2 2 2 2 1 2 1 0 0 2 1 0 2 1 2 1 2 2 1
Solution not feasible. Fitness: -130.000
2 0 2 0 1 1 1 2 2 2 2 1 2 1 3 2 2 2 0 3 1 3 1 1 1 1 1 1 2 2 1 1 0 0 2 3 1 2 2 3 3 3 2 0 0 1 1 2 3 3 2 3 1 3 0 0 2 2 1 0 3 1 2 1 1 1
Solution not feasible. Fitness: -242.000
2 1 3 2 2 1 2 2 2 1 3 0 2 2 2 1 1 1 2 2 3 0 0 1 1 1 3 0 2 1 3 1 1 3 2 0 1 0 2 1 1 0 2 2 2 1 0 1 3 3 0 3 1 0 1 2 1 2 2 2
Solution not feasible. Fitness: -218.000
2 0 1 1 1 3 2 0 1 1 2 1 1 2 1 0 1 0 1 2 2 0 2 1 2 2 2 1 2 2 2 2 2 2
Solution not feasible. Fitness: -114.000
1 2 3 1 1 0 2 1 1 2 3 3 1 2 1 0 2 2 1 3 0 1 0 0 2 2 1 1 1 0 1 3 3 1 1 2 2 2 1 2 1 2 0 0 2 2 0 0 2 2 2 2 2 2
Solution not feasible. Fitness: -194.000
1 2 2 1 2 1 0 1 3 1 1 2 1 1 1 0 2 0 0 1 3 3 2 2 3 1 1 1 1 2 2 2 2 1 2 3 2 1 2 2
Solution is feasible. Fitness: 62.000
1 2 2 2 3 0 2 2 1 3 1 2 0 3 1 3 2 2 2 0 2 0 2 0 2 1 1 0 0 2 1 1 1 1 1 1 0 3 2 0 3 2 1 2 2 1 2 0 3 2 1 3 1 3 1 0 1 0 2 1 1 3 2 2 1 3 1 2
Solution not feasible. Fitness: -250.000
2 2 2 2 2 2 1 3 2 0 2 0 0 2 2 1 1 1 2 1 2 2 0 2 2 0 3 2 1 0 0 3 1 2 1 0 1 3 2 3 1 1 1 0 0 2 0 1 2 1 2 2 0 3 3 3 0 1 1 1 1 2 1 2
Solution not feasible. Fitness: -234.000
1 2 0 1 1 3 2 3 2 2 0 2 1 2 3 2 2 2 1 2 2 0 2 1 1 3 1 1 2 1 1 1 0 3 1 2 1 1 2 1
Solution not feasible. Fitness: -138.000
1 2 0 2 3 2 1 1 2 3 2 0 3 1 3 2 0 0 0 0 2 0 2 1 0 1 3 1 3 3 2 0 1 2 1 0 2 2 1 1 1 3 2 0 3 2 1 2 3 1 2 0 1 0 3 3 2 0 0 3 1 2 1 2 1 1 1 2 1 2 2 0 2 1 0 0 3 1 2 3 2 3 2 2 3 3 0 3 2 2 0 2 2 1 0 0 1 1 1 2 1 2 0 0 1 2 2 1
Solution not feasible. Fitness: -410.000
1 3 1 3 1 3 1 1 1 2 3 3 1 1 3 2 0 1 1 2 3 2 3 1 3 3 3 2 1 1 0 0 0 2 1 2 1 2 3 2 2 2 1 2 3 1 2 0 2 2 1 0 1 2 2 0 3 2 1 3 1 1 1 0 1 2 1 1
Solution not feasible. Fitness: -250.000
2 0 1 3 2 0 2 2 2 2 1 2 2 2 2 3 0 2 0 2 1 2 0 3 1 3 1 2 0 2 1 0 1 2 0 2 2 1 3 1 2 1 0 2 0 1 1 1 1 1 1 2
Solution not feasible. Fitness: -186.000
2 0 1 1 1 1 1 1 2 2 0 3 0 1 1 1 3 3 1 2 0 1 2 2 3 0 0 3 2 3 1 0 1 2 2 1 3 3 3 2 1 2 2 3 1 1 3 2 2 2 1 1 0 2 3 2 1 0 2 1 0 1 2 1 2 3 1 2
Solution not feasible. Fitness: -250.000
2 2 1 1 1 1 0 0 2 2 2 2 2 2 3 1 1 2 3 2 1 1 1 1 3 0 1 3 2 3 1 0 3 1 1 3 1 2 1 3 0 1 0 0 2 1 1 3 1 3 2 3 3 1 2 1 1 3 0 3 0 1 0 1 3 2 2 3 2 2 2 2 0 1 2 3 1 1
Solution not feasible. Fitness: -290.000
2 2 1 0 2 3 2 2 2 1 1 1 2 3 0 0 0 3 2 2 1 2 1 1 1 3 2 2 1 1 1 0 2 0 1 0 2 1 1 2 1 3 2 3 2 2 1 1
Solution not feasible. Fitness: -170.000
2 2 2 0 0 0 1 3 1 3 2 0 1 1 3 1 3 1 3 3 1 3 1 2 2 1 1 1 0 1 3 1 1 2 1 1 2 2 2 2 1 1 3 1 1 2 0 2 2 2 3 1 2 3 1 2
Solution not feasible. Fitness: -202.000
2 0 1 3 2 2 2 1 3 2 0 1 1 1 2 2 1 3 1 1 1 2 3 1 1 0 2 1 1 0 1 2 1 2 3 2 1 2 2 2
Solution not feasible. Fitness: -138.000
1 2 1 1 1 0 1 3 2 2 3 0 1 2 1 2 2 1 3 2 0 2 0 1 3 0 2 2 2 3 2 2 2 1 1 1 1 1 2 0 2 0 1 1 2 0 3 1 2 2
Solution not feasible. Fitness: -178.000
1 3 2 0 1 3 2 2 0 2 2 1 3 2 0 2 2 2 2 1 2 0 2 2 3 2 2 0 1 3 2 1 1 3 3 0 1 1 0 2 1 1 1 0 0 3 2 1 1 1 3 1 1 3 2 3 2 3 0 1 0 1 3 2 3 1 1 1 1 1 0 1 2 3 1 2
Solution not feasible. Fitness: -282.000
2 0 1 1 3 3 1 3 1 3 1 2 2 0 1 2 0 1 3 3 3 2 1 1 1 2 0 3 0 0 2 1 0 3 1 3 2 2 2 1 3 2 3 2 1 2 2 1 0 1 2 3 1 2 1 3 1 1 2 3 2 2 3 1 0 2 3 1 1 1 1 1 0 2 0 2 1 0 1 2
Solution not feasible. Fitness: -298.000
2 1 2 2 2 2 2 1 2 1 0 2 1 1 1 1 2 2 1 1 1 2 2 3 3 1 3 0 0 3 0 2 1 0 1 1 0 2 2 0 2 1 3 0 2 2 2 1
Solution not feasible. Fitness: -170.000
1 3 1 3 1 2 1 0 1 3 1 2 1 0 1 3 2 1 2 2 0 2 2 2 3 2 1 2 1 1 0 0 2 2 0 2 1 2 2 3 0 1 3 2 1 1 0 2 0 1 1 3 0 0 1 0 2 3 0 0 0 1 0 2 3 2 2 1 3 0 2 2 1 3 2 1 0 3 1 2 3 1 0 2 3 2 3 2 1 1 2 2
Solution not feasible. Fitness: -346.000
2 1 1 1 0 3 2 0 1 3 2 1 0 1 1 3 1 1 2 1 2 2 3 3 2 3 2 2 3 0 1 1 1 0 2 3 0 2 1 2 0 2 1 2 2 2 2 1 3 2 1 0 2 3 0 2 0 3 0 2 0 1 1 0 1 2 1 1 2 2
Solution not feasible. Fitness: -258.000
2 0 2 0 1 1 1 2 2 3 2 2 2 3 2 1 3 2 1 1 2 1 2 0 2 1 2 1 2 0 2 1 0 3 1 2 0 1 3 3 2 1 3 1 3 1 0 1 3 2 1 0 0 3 2 0 0 2 0 2 0 3 2 0 1 2 1 2 2 0 3 1 1 0 2 1 2 1
Solution not feasible. Fitness: -290.000
2 1 2 2 1 3 2 2 3 2 0 0 2 1 3 2 2 2 2 2 1 1 0 1 1 2 1 0 1 2 1 3 2 0 1 3 1 1 2 1 1 3 1 0 2 0 1 2
Solution not feasible. Fitness: -170.000
2 2 1 2 3 1 0 1 3 2 3 2 0 1 0 0 3 0 2 2 1 0 2 1 3 1 1 2 0 2 1 3 2 1 0 3 1 1 1 2 2 0 2 2 2 2 2 1 0 3 2 1 2 1 0 2 1 1 1 2
Solution not feasible. Fitness: -218.000
2 2 2 2 2 2 0 0 2 2 1 3 2 1 1 3 2 1 3 2 2 2 3 1 3 0 0 1 1 1 1 3 1 1 2 1 0 2 1 1 0 0 3 3 2 0 3 0 1 2 2 0 3 1 2 0 2 2 0 1 3 2 1 2 0 3 1 2 1 1 0 2 1 1
Solution not feasible. Fitness: -274.000
1 2 3 2 1 3 0 0 1 2 2 0 1 3 2 3 0 2 1 3 1 3 0 2 2 2 2 1 0 1 3 1 2 3 1 1 2 3 3 1 2 2 2 1 2 1 0 2 0 2 1 2 1 1 1 1 3 1 0 1 2 0 3 2 0 3 3 0 1 2 0 1 1 0 2 1 2 0 3 2 2 0 1 2
Solution not feasible. Fitness: -314.000
2 1 3 2 1 1 3 3 1 2 3 2 1 2 0 0 3 2 1 2 1 1 1 3 1 0 1 3 1 1 0 3 0 1 0 2 2 2 0 3 2 2 2 1 1 1 2 0 2 2 0 2 1 0 2 2 3 0 2 2 3 0 0 0 0 3 1 1 1 3 1 3 3 1 1 1 1 2 0 2 0 2 0 2 0 2 2 3 2 3 2 0 3 1 2 1 2 1
Solution not feasible. Fitness: -370.000
1 2 3 1 3 2 1 3 2 0 1 0 0 2 1 3 0 1 1 1 1 1 1 3 3 1 1 1 1 2 1 2 2 3 2 1 0 3 2 0 0 2 3 2 2 0 2 3 3 3 1 2 1 3 1 1 1 2 1 0 2 0 1 2 3 1 2 0 0 0 2 2 2 3 1 2 2 2
Solution not feasible. Fitness: -290.000
1 2 1 2 0 2 0 3 0 3 1 3 2 2 1 2 3 2 2 0 2 2 0 1 1 1 2 0 0 3 3 3 0 2 2 1 1 3 2 1 1 0 0 3 2 2 3 2 0 2 0 1 3 3 0 0 2 0 0 1 0 2 2 0 2 1 2 2 0 0 1 1 2 1 2 0 1 1 1 2 1 2 2 2 3 1 0 1 2 2 3 2 1 1
Solution not feasible. Fitness: -354.000
1 3 2 0 1 1 1 2 2 1 2 0 2 0 3 2 1 2 1 3 1 2 3 2 3 1 2 1 3 2 0 2 0 1 1 2 2 2 3 1 1 2 1 0 0 1 1 3 2 2 1 1
Solution not feasible. Fitness: -186.000
2 1 3 0 1 2 0 3 2 0 2 2 0 2 2 1 3 1 3 1 3 2 2 1 0 1 1 3 2 1 2 1 1 0 3 2 2 2 3 2 2 2 0 3 2 1 1 1 0 1 2 0 1 1 2 0 1 2 1 3 0 1 1 2
Solution not feasible. Fitness: -234.000
1 2 1 1 1 2 2 1 2 1 1 3 2 1 0 1 1 2 0 2 1 0 0 0 1 0 3 2 0 1 2 2 2 2 0 2 2 2 3 3 2 0 2 3 2 0 3 0 0 2 1 1 2 3 3 2 1 2 0 0 1 2 2 3 2 1 1 1
Solution not feasible. Fitness: -250.000
2 0 2 2 0 2 2 2 0 2 2 1 2 3 1 1 0 2 0 1 0 2 0 1 1 3 3 0 1 3 2 2 3 2 1 2 1 2 2 1 1 2 1 1 1 1 1 0 2 2
Solution not feasible. Fitness: -178.000
1 2 0 3 2 2 1 2 3 2 0 1 1 0 1 0 1 1 1 1 0 1 1 1 1 2 3 1 2 2 3 3 3 3 1 1 2 1 1 3 3 2 0 2 2 2 2 3 2 2 2 1 3 1 1 1
Solution not feasible. Fitness: -202.000
1 1 1 1 3 1 3 2 1 1 0 1 1 3 1 1 3 2 1 2 1 0 0 3 2 0 1 2 2 3 0 1 3 0 1 2 2 2 2 1 3 2 1 2 2 0 2 1 3 2 0 2 1 2 2 2
Solution not feasible. Fitness: -202.000
2 2 0 1 3 2 2 0 0 2 1 3 2 0 2 1 3 1 1 2 1 3 1 2 2 2 3 1 3 1 0 3 2 3 0 2 1 1 1 1 1 1 0 3 2 3 2 2 1 2 1 1 2 1 0 2 1 1
Solution not feasible. Fitness: -210.000
1 1 2 3 3 1 3 1 3 1 0 3 2 2 1 1 1 0 2 1 2 0 2 1 1 0 1 3 2 2 3 2 2 1 0 2 2 1 1 0 2 0 1 0 2 0 2 2 3 3 2 1 0 2 0 0 1 3 1 3 2 1 0 3 3 2 3 1 1 1 0 2 3 2 1 3 2 1 1 2 3 0 2 1 1 2
Solution not feasible. Fitness: -322.000
1 2 3 2 0 1 2 2 3 1 2 2 1 3 0 0 2 1 2 1 2 2 3 2 2 2 3 1 0 1 0 3 2 2 2 3 3 1 0 2 0 2 0 1 1 0 2 3 3 3 2 1 0 1 1 1 3 3 1 2 0 2 1 1 0 3 1 1 3 2 1 1 1 3 1 3 1 3 1 0 1 3 1 1 1 3 1 2
Solution not feasible. Fitness: -330.000
2 2 0 2 1 1 1 3 2 1 1 2 2 3 1 1 2 2 2 3 1 3 3 3 3 2 2 3 0 1 0 1 3 3 0 0 0 1 1 3 1 3 2 2 2 2 2 0 1 2 0 3 2 3 2 1 1 0 0 1 1 2 2 1 0 2 1 1 3 3 3 3 1 0 1 2 0 1 0 3 1 0 2 3 2 0 0 2 1 1 0 1 1 0 0 2 0 3 2 0 2 2 2 3 2 2 0 2 1 1 1 1
Solution not feasible. Fitness: -426.000
1 3 2 2 0 2 2 2 1 1 2 2 2 2 2 1 1 1 2 3 2 3 3 1 1 0 2 3 1 1 0 1 2 1 3 1 1 3 1 1 0 2 1 0 1 2
Solution not feasible. Fitness: -162.000
2 2 0 1 0 2 2 3 2 0 2 1 0 1 1 1 1 3 2 0 2 2 3 3 1 2 2 1 3 1 1 1 1 1 2 2 3 1 0 1 3 1 2 1 2 1 2 3 3 0 0 2 2 2 1 1
Solution not feasible. Fitness: -202.000
1 1 1 1 1 2 1 1 1 2 2 3 0 0 2 3 0 0 2 2 1 2 2 2 2 3 2 1 1 3 1 2 2 0 2 1 1 2 2 1
Solution not feasible. Fitness: -138.000
2 1 1 3 1 3 0 3 2 1 1 2 1 2 2 0 1 1 2 0 2 3 2 1 2 1 2 1 1 3 0 1 0 3 3 1 2 0 1 1 1 3 1 3 3 0 1 2 3 3 1 0 2 3 1 3 1 1 3 2 1 3 1 1 1 0 3 2 1 2 2 3 1 0 2 0 3 2 1 3 2 1 2 0 2 0 2 2
Solution not feasible. Fitness: -330.000
2 2 0 2 1 0 3 0 1 3 1 3 2 1 3 0 2 1 1 2 2 0 2 1 2 3 0 1 3 2 3 3 0 2 1 2 1 0 1 2 1 2 3 2 1 0 1 3 0 1 1 2 2 1 1 1 2 2 1 0 1 2 0 0 0 3 0 3 2 2 2 1 3 2 1 0 2 1 3 2 0 2 1 3 2 1
Solution not feasible. Fitness: -322.000
2 0 2 0 1 3 2 2 2 2 0 1 2 3 2 1 2 1 1 2 0 0 2 2 1 2 3 2 2 0 2 0 1 0 1 3 2 1 3 2 1 3 2 1 3 0 1 0 0 1 1 2 2 1 2 1 3 1 3 1 1 3 1 1
Solution not feasible. Fitness: -234.000
1 2 0 2 3 0 1 2 0 2 2 2 1 2 3 0 2 1 3 0 2 0 1 1 1 2 3 0 2 3 3 1 1 3 0 3 2 2 1 0 1 1 0 1 2 0 1 1 0 3 3 2 2 2 1 3 1 2 1 2 1 3 2 2 1 0 2 3 0 2 1 1 0 2 0 2 2 1 2 1
Solution not feasible. Fitness: -298.000
2 0 2 1 1 1 3 1 2 1 1 1 2 3 1 3 0 1 0 1 2 1 2 1 0 0 0 2 1 1 2 3 2 2 3 3 0 2 3 3 2 3 1 2 2 0 1 2 1 3 2 3 1 2 0 1 1 2 2 3 1 2 1 1
Solution not feasible. Fitness: -234.000
1 1 1 3 2 1 0 2 1 0 2 2 1 2 2 1 1 3 1 1 1 0 0 3 1 0 2 2 1 1 3 3 2 3 1 3 1 1 1 2 3 1 2 2 2 0 2 0 3 2 0 2 2 2 3 3 0 1 1 2 1 2
Solution not feasible. Fitness: -226.000
1 1 3 2 2 0 2 3 1 3 2 2 1 1 2 2 1 1 3 1 1 2 1 1 3 2 2 1 2 2 3 3 3 3 1 1 0 2 3 0 2 1 0 0 0 0 1 2 1 1 2 2 2 3 1 0 0 3 1 3 3 0 1 2 0 0 0 1 0 3 2 1 2 3 2 1 2 1 3 0 1 1 2 2 3 2 0 0 2 1 2 1
Solution not feasible. Fitness: -346.000
1 3 1 1 2 0 1 2 2 1 1 0 1 0 1 2 3 2 3 1 1 3 2 2 2 2 1 3 1 1 2 2 1 3 2 3 2 1 2 1 3 1 1 3 3 0 2 3 1 1 1 1
Solution not feasible. Fitness: -186.000
2 2 0 2 0 2 2 0 1 3 2 1 3 1 2 1 1 2 1 1 0 1 1 0 0 2 2 3 1 0 2 2 2 1 3 3 1 1 1 3 2 1 2 0 1 1 0 0 2 2 3 2 2 2 1 2
Solution not feasible. Fitness: -202.000
1 3 2 0 2 1 1 1 0 1 1 1 3 2 3 1 2 1 1 1 2 3 2 2 1 2 2 1 2 3 1 2 3 2 2 3 1 3 1 0 0 2 1 1 1 2
Solution not feasible. Fitness: -162.000
2 0 1 2 1 1 1 2 2 2 3 1 2 2 1 0 2 2 3 2 1 1 2 3 0 1 2 2 1 1 1 0 2 0 2 2 0 2 3 1 3 1 1 3 0 3 0 2 0 0 0 2 1 2 0 1 2 2 0 2 0 2 1 0 3 2 0 0 0 2 2 2 1 2
Solution not feasible. Fitness: -274.000
2 2 1 1 3 1 3 1 3 1 3 2 2 3 0 2 1 0 2 1 0 1 2 2 3 0 0 2 2 1 0 1 3 0 3 3 1 3 2 3 2 2 0 2 1 2 1 1 2 0 2 3 0 2 2 0 1 2 2 2 0 1 2 0 2 1 1 0 2 1 0 1 2 0 2 1 1 3 3 1 1 1
Solution not feasible. Fitness: -306.000
2 1 3 0 2 1 2 3 2 2 1 3 0 2 0 1 1 1 1 3 1 2 1 3 3 3 1 1 3 1 0 2 2 0 2 0 0 2 2 1 1 3 0 2 1 3 1 2 2 1 3 1 0 1 1 2 1 0 2 0 2 2 3 3 2 3 1 0 0 1 1 1 2 0 2 3 0 3 2 3 0 2 2 2 3 1 3 3 1 3 2 1 1 0 2 3 1 1 1 1
Solution not feasible. Fitness: -378.000
1 2 3 1 3 2 2 1 0 2 1 0 0 2 0 0 1 1 1 2 2 1 0 0 2 1 1 1 3 2 2 2 2 1 1 2 3 0 1 1 0 2 2 2 3 2 1 2 3 1 2 2
Solution not feasible. Fitness: -186.000
2 2 2 1 1 2 2 1 3 2 1 2 0 1 1 2 1 1 2 1 0 3 1 1 1 3 0 2 1 0 1 0 2 2 2 3 1 2 2 2
Solution not feasible. Fitness: -138.000
1 1 3 1 2 3 2 3 2 0 2 2 0 1 1 2 1 3 1 2 1 1 3 0 1 2 2 3 2 2 1 2 1 1 1 0 2 2 1 3 1 1 2 1
Solution not feasible. Fitness: -154.000
1 2 3 2 1 3 1 3 2 1 3 2 1 3 2 0 0 0 2 2 2 2 2 1 2 1 2 2 3 0 1 2 2 0 1 1 3 1 1 2 1 1 0 3 2 0 1 1 0 0 2 1 1 1 3 2 1 3 3 0 2 1 1 0 3 1 2 3 0 3 1 0 2 0 0 3 1 3 2 2 0 2 2 2 1 3 1 0 2 1
Solution not feasible. Fitness: -338.000
1 2 3 2 1 3 1 3 2 1 3 2 1 3 2 0 0 0 2 2 2 2 2 1 2 1 2 2 3 0 1 2 2 0 1 1 3 1 1 2 1 1 0 3 2 0 1 1 0 0 2 1 1 1 3 2 1 3 3 0 2 1 1 0 3 1 2 3 0 3 1 0 2 0 0 3 1 3 2 2 0 2 2 2 1 3 1 0 2 1
Solution not feasible. Fitness: -338.000
